masscan -p 21,22,23,80,443,1443,1521,3306,3389,8000,8080,8888,8443,8800,7001,9043,4848,512,513,514,139,445,2049,69 IP주소masscan -p 21,22,23,80,443,1443,1521,3306,3389,8000,8080,8888,8443,8800,7001,9043,4848,512,513,514,139,445,2049,69 IP주소




masscan -p 21,22,23,80,443,1443,1521,3306,3389,8000,8080,8888,8443,8800,7001,9043,4848,512,513,514,139,445,2049,69 IP주소



11.211.0.0


138.240.20.0



masscan 138.240.20.0/24 -p 21,22,23,80,443,1443,1521,3306,3389,8000,8080,8888,8443,8800,7001,9043,4848,512,513,514,139,445,2049,69 -oX 138.240.20.xml



masscan 192.168.193.0/24 -p 21,22,23,80,443,1443,1521,3306,3389,8000,8080,8888,8443,8800,7001,9043,4848,512,513,514,139,445,2049,69 -oX 192.168.193.xml


masscan 192.168.194.0/24 -p 21,22,23,80,443,1443,1521,3306,3389,8000,8080,8888,8443,8800,7001,9043,4848,512,513,514,139,445,2049,69 -oX 192.168.194.xml




masscan 129.10.10.0/24 -p 21,22,23,80,443,1443,1521,3306,3389,8000,8080,8888,8443,8800,7001,9043,4848,512,513,514,139,445,2049,69 -oX 129.10.10.xml











masscan 138.240.50.0/24 -p 21,22,23,80,443,1443,1521,3306,3389,8000,8080,8888,8443,8800,7001,9043,4848,512,513,514,139,445,2049,69 -oX 138.240.50.xml










masscan 138.240.51.0/24 -p 21,22,23,80,443,1443,1521,3306,3389,8000,8080,8888,8443,8800,7001,9043,4848,512,513,514,139,445,2049,69 -oX 138.240.51.xml









masscan 138.240.113.0/24 -p 21,22,23,80,443,1443,1521,3306,3389,8000,8080,8888,8443,8800,7001,9043,4848,512,513,514,139,445,2049,69 -oX 138.240.113.xml








masscan 138.240.56.0/24 -p 21,22,23,80,443,1443,1521,3306,3389,8000,8080,8888,8443,8800,7001,9043,4848,512,513,514,139,445,2049,69 -oX 138.240.56.xml











masscan 138.240.41.0/24 -p 21,22,23,80,443,1443,1521,3306,3389,8000,8080,8888,8443,8800,7001,9043,4848,512,513,514,139,445,2049,69 -oX 138.240.41.xml

\





masscan 138.240.66.0/24 -p 21,22,23,80,443,1443,1521,3306,3389,8000,8080,8888,8443,8800,7001,9043,4848,512,513,514,139,445,2049,69 -oX 138.240.66.xml














masscan 138.240.70.0/24 -p 21,22,23,80,443,1443,1521,3306,3389,8000,8080,8888,8443,8800,7001,9043,4848,512,513,514,139,445,2049,69 -oX 138.240.70.xml


masscan 138.240.71.0/24 -p 21,22,23,80,443,1443,1521,3306,3389,8000,8080,8888,8443,8800,7001,9043,4848,512,513,514,139,445,2049,69 -oX 138.240.71.xml






///




masscan 138.240.31.0/24 -p 21,22,23,80,443,1443,1521,3306,3389,8000,8080,8888,8443,8800,7001,9043,4848,512,513,514,139,445,2049,69 -oX 138.240.31.xml




masscan 138.240.39.0/24 -p 21,22,23,80,443,1443,1521,3306,3389,8000,8080,8888,8443,8800,7001,9043,4848,512,513,514,139,445,2049,69 -oX 138.240.39.xml






///














masscan 138.240.32.0/24 -p 21,22,23,80,443,1443,1521,3306,3389,8000,8080,8888,8443,8800,7001,9043,4848,512,513,514,139,445,2049,69 -oX 138.240.32.xml









masscan 138.240.37.0/24 -p 21,22,23,80,443,1443,1521,3306,3389,8000,8080,8888,8443,8800,7001,9043,4848,512,513,514,139,445,2049,69 -oX 138.240.37.xml




////////////





masscan 138.240.51.0/24 -p 21,22,23,80,443,1443,1521,3306,3389,8000,8080,8888,8443,8800,7001,9043,4848,512,513,514,139,445,2049,69 -oX 138.240.51.xml


masscan 192.168.254.0/24 -p 21,22,23,80,443,1443,1521,3306,3389,8000,8080,8888,8443,8800,7001,9043,4848,512,513,514,139,445,2049,69 -oX 192.168.254.xml




/////



sys access-policy policy 5 accesslevel rwa 

Add read/write/all access level to policy 2:
config sys access-policy policy 2 accesslevel rwa


masscan 138.240.66.14 -p 21,22,23,80,443,1443,1521,3306,3389,8000,8080,8888,8443,8800,7001,9043,4848,512,513,514,139,445,2049,69 -oX 138.240.66.xml

masscan 11.211.6.0/24 -p 21,22,23,80,443,1443,1521,3306,3389,8000,8080,8888,8443,8800,7001,9043,4848,512,513,514,139,445,2049,69 -oX 11.211.6.xml

masscan 11.211.1.0/24 -p 21,22,23,80,443,1443,1521,3306,3389,8000,8080,8888,8443,8800,7001,9043,4848,512,513,514,139,445,2049,69 -oX 11.211.1.xml


  0 Jul 21 05:15 138.240.39.xml
-rw-r--r--  1 root root 435924 Jul 21 05:12 138.240.41.xml


masscan 138.240.90.0/24 -p 21,22,23,80,443,1443,1521,3306,3389,8000,8080,8888,8443,8800,7001,9043,4848,512,513,514,139,445,2049,69 -oX 138.240.90.xml

masscan 11.28.15.0/24 -p 21,22,23,80,443,1443,1521,3306,3389,8000,8080,8888,8443,8800,7001,9043,4848,512,513,514,139,445,2049,69 -oX 11.28.15.0.xml

11.1.10.0 ---
11.1.20.0 ---
11.28.15.0
11.28.16.0
11.28.119.0

ss
11.21.11.0

 211.57.224.131
 
11.3.200.31
11.11.8.1





